58443 119.89 31.02
58446 119.71 30.63
58448 119.7 30.22
58449 119.95 30.06
58450 120.05 30.86
58451 120.94 30.83
58452 120.76 30.73
58453 120.51 30.07
58454 119.98 30.53
58455 120.49 30.48
58456 120.52 30.63
58457 120.16 30.23
58458 120.9 30.54
58459 120.28 30.18
58464 121.12 30.65
58467 121.29 30.2
58468 121.14 30.02
58472 122.45 30.73
58477 122.11 30.04
58484 122.2 30.24
58537 118.4 29.13
58542 119.67 29.81
58543 119.03 29.61
58544 119.27 29.47
58546 119.88 29.47
58547 119.19 29.03
58548 119.48 29.22
58549 119.66 29.11
58550 120.26 29.7
58553 120.81 30.05
58555 120.88 29.51
58556 120.81 29.59
58557 120.09 29.34
58558 120.22 29.28
58559 120.97 29.15
58560 120.44 29.05
58561 121.61 29.98
58562 121.5 29.8
58563 121.83 29.88
58565 121.39 29.69
58566 121.92 29.38
58567 121.44 29.32
58568 121.38 29.12
58570 122.3 29.95
58631 118.51 28.91
58632 118.6 28.71
58633 118.89 28.99
58642 119.81 28.89
58643 120.01 28.86
58644 119.27 28.6
58645 119.48 28.43
58646 119.85 28.39
58647 119.13 28.08
58648 119.64 27.99
58652 120.72 28.87
58654 120.09 28.66
58656 120.97 28.07
58657 120.29 28.14
58658 120.69 28.15
58659 120.66 28.02
58660 121.19 28.87
58664 121.36 28.37
58665 121.42 28.62
58667 121.27 28.08
58742 119.56 28.11
58745 119.08 27.62
58746 119.7 27.55
58750 120.08 27.79
58751 120.57 27.67
58752 120.66 27.78
58755 120.39 27.5
58760 121.15 27.83
K1004 120.15 30.16
K1005 120.05 30.24
K1153 120.34 30.33
K1189 120.1 30.31
K1209 120.29 30.36
K1418 119.97 30.28
K2214 121.45 29.97
K2450 121.5 29.86
K3040 120.77 27.91
K3269 120.52 27.55
K3299 120.61 27.95
K4026 120.63 30
K5004 120.42 30.85
K5562 120.6 30.75
K6323 119.77 29.15
K7509 118.87 28.98
K8201 121.28 28.66
K8301 121.35 28.58